0,15.037025481178684	
1,0.1202704005243329	
10,0.08187539578836955	
11,-0.5134501636996455	
12,0.18984711662878367	
13,1.1455254246772375	
14,0.2906992399269484	
15,-0.09932190380252724	
16,-0.20833487464954736	
17,0.43522320602086234	
18,-1.616987385892193	
19,-0.26184998498099654	
2,-0.0237854661799455	
20,0.3260857058482226	
21,-0.4766494083753955	
22,1.1881137579022263	
23,0.020485637387636972	
24,-0.1520372939923933	
25,-0.37259135303694146	
26,-0.03183521502208818	
27,0.1515385730898184	
28,-8.320479365039638	
29,-0.29097197459798485	
3,188.13557228174923	
30,-187.98086621654056	
31,-72.67207978109818	
32,-6.254174261692578	
4,0.455439187169039	
5,67.90975995224385	
6,0.15296573232349117	
7,-0.22142059726957508	
8,1.1164417959223538	
9,-0.23995230771507858	
